1, -2;
2, -1;
3, 2;
4, 3;
5, 4;
6, 7;
7, 8;
8, 10;
9, 11;
10, 14;
11, 15;
12, 16;
13, 19;
14, 20;
15, 22;
16, 23;
17, 26;
18, 27;
19, 28;
20, 31;
21, 32;
22, 34;
23, 35;
24, 38;
25, 39;
26, 40;
27, 43;
28, 44;
29, 46;
30, 47;
31, 50;
32, 51;
33, 52;
34, 55;
35, 56;
36, 58;
37, 59;
38, 62;
39, 63;
40, 64;
41, 67;
42, 68;
43, 70;
44, 71;
45, 74;
46, 75;
47, 76;
48, 79;
49, 80;
50, 82;
51, 83;
52, 86;
53, 87;
54, 88;
55, 91;
56, 92;
57, 94;
58, 95;
59, 98;
60, 99;
61, 100;
62, 103;
63, 104;
64, 106;
65, 107;
66, 110;
67, 111;
68, 112;
69, 115;
70, 116;
71, 118;
72, 119;
73, 122;
74, 123;
75, 124;
76, 127;
77, 128;
